171

1111101616611661111116, 102, 1611101111116, 102, hirsuta, 106, 111110116,
1111, 1010111116, 44, 0111061116, 103, 1111011616, 104, 11116, 106,
10111118111111111111166, 16, 611161616.

J 11661166 61111110066, 130.

160110116161116, 166, 101161161116, 166.
16016116 Μο0161, 110.

161110011616, 167, 0111161111, 167.
Leeuwenhoekia creberrima, 121.
Laguminosae‚ 16, 28, 44, 94, 161.
Leschenaultia divaricata, 33.
Leucopogon 0011111116, 144, exsertus, 143, 11611611101166, 143.
Ludwigia 116161116, 129.

Luffa graveolena, 106, 1610061116, 107.
1116116116 11611111611111, 142.
1111116066, 103.

Lythrum Arnhemicum, 109.

ffialeropteranthea Kekwickii‚ 161 , 161011611111, 31.

616066, 3.

Μ616161106 6061101166, 16 , 1161110616, 116 , brachyatachya, 119, 1161110116,
116, 06101161101166, 114, 00101616, 113 , cupressina, 114 , 11661111016,
163, elachophylla 120, 616116106160116, 117, 61611166, 114, 6161616,
114,111110116, 119, 1161611116, 119, 16166066, 117, 166161116, 116,
1110111116, 116, megacaphala, 117 , 1660111116, 113, 16116111016, 116.

116116006, 13.

1111110116 1116616611, 18, 111616 xix.
Myrsineae‚ 36.

Myrtaaeae, 30, ⁵7, 110160.

11611610161116111111161116, 119, 111616 xxv,
Neptunia spicata, 151.
1161066116 01610111016, 21, 610110111016, 21, 1116161111.

Oleaceae‚ 139.

01611616, 123.

0101111616, 24, 39, 59, 126.
06101116, 30, 001010116, 31.
0116116 1610061116, 13.

Ρ601γ6111116161101166, 164, 1161111611, 166, platycephalus, 164.

Ρ11116100611116, 120, porphyroeephalus, 121.

Ρο11616111661161616, 73, 16111116, 76, 11611116, 73, emptica, 69, grandia, 63,
1111611116, 71, 1111110116, 76, phylicifolia 72, 1666111066, 76, steno·
1161616, 69 , 6111616116, 74, 160011110116, 71.

Ρο1111160666, 39.

Ρ16111660111111616, 36 , 1110100006, 36.

Ρ101660666, 37, 146.

Ρ6011166 6061110061116, 46, lachnostaahya, 103.

Ρ111011600111110616, 126, Murrayfi, 146, 11106110166, 126.

1116116066, 67, 62.
1101616 61161616, 108.
1111160616, 2, 26, 41.

8611116066, 12, 43.
Samaga, 90.

 

